9
一号线 23 苹果园 56 544 5 6 古城路 75 544 3 4 八角游乐园 122 544 5 7 八宝山 161 544 4 5 玉泉路 199 544 4 6 五棵松 238 544 5 9 万寿路 277 544 4 8 公主坟 324 544 4 7 军事博物馆 401 544 3 10 木樨地 431 544 5 7 南礼士路 467 544 3 4 复兴门 492 544 4 8 西单 551 544 3 7 天安门西 587 544 3 3 天安门东 622 544 3 3 王府井 665 544 5 7 东单 692 544 4 8 建国门 752 544 4 7 永安里 788 544 50 80 国贸 826 544 3 8 大望路 879 544 3 7 四惠 915 544 3 9 四惠东 941 544 5 6 #
二号线 19 西直门 492 419 5 10 车公庄 492 456 3 7 阜成门 492 491 3 5 复兴门 492 544 3 8 长椿街 492 584 3 4 宣武门 551 584 5 7 和平门 578 584 3 4 前门 620 584 5 6 崇文门 692 584 3 6 北京站 752 584 3 9 建国门 752 544 3 6 朝阳门 752 456 3 3 东四十条 752 420 3 5 东直门 752 391 3 9 雍和宫 692 390 4 6 安定门 661 390 5 6 鼓楼大街 620 390 3 4 积水潭 540 390 3 7 西直门 492 419 5 10 #
四号线 24 公益西桥 551 729 5 7 角门西 551 687 3 4 马家堡 551 668 3 5 北京南站 551 648 3 4 陶然亭 551 629 5 6 菜市口 551 610 5 6 宣武门 551 584 3 2 西单 551 544 3 6 灵境胡同站 551 508 5 6 西四 551 491 3 5 平安里 551 456 3 6 新街口 551 419 3 6 西直门 492 419 3 4 动物园 444 419 3 7 国家图书馆 401 419 5 7 魏公村 401 368 3 4 人民大学 401 332 3 6 海淀黄庄 401 296 3 8 中关村 401 268 3 8 北京大学东门 401 240 3 7 圆明园 401 208 5 6 西苑 332 208 5 5 北宫门 279 208 5 5 安河桥北 249 208 3 6 #
五号线 23 天通苑北 692 72 3 8 天通苑 692 99 3 8 天通苑南 692 125 5 7 立水桥 692 136 3 5 立水桥南 692 192 3 6 北苑路北 692 218 3 4 大屯路东 692 240 5 6 惠新西街北口 692 263 3 7 惠新西街南口 692 296 3 5 和平西桥 692 328 5 7 和平里北街 692 352 3 4 雍和宫 692 390 5 7 北新桥 692 420 3 4 张自忠路 692 437 3 4 东四 692 456 3 7 灯市口 692 521 3 7 东单 692 544 5 6 崇文门 692 584 3 5 磁器口 692 610 3 7 天坛东门 692 629 5 5 蒲黄榆 692 648 3 3 刘家窑 692 667 3 6 宋家庄 692 687 3 5 #
六号线 20 五路居 238 456 3 5 慈寿寺 324 456 4 6 花园桥 326 456 5 6 白石桥南 401 456 3 7 车公庄西 446 456 3 7 车公庄 492 456 5 4 平安里 551 456 3 5 北海北 592 456 5 6 南锣鼓巷 620 456 3 7 东四 692 456 3 4 朝阳门 752 456 3 4 东大桥 786 456 3 5 团结湖 826 456 5 6 金台路 874 456 5 7 十里堡 924 456 3 5 青年路 974 456 3 6 褡裢坡 1024 456 5 5 黄渠 1074 456 5 6 常营 1123 456 3 7 草房 1176 456 5 5 #
八号线 18 南锣鼓巷 620 456 3 7 什刹海 620 422 3 3 鼓楼大街 620 390 3 5 安德里北街 620 345 3 6 安华桥 620 322 5 7 北土城 620 296 3 8 奥体中心 620 271 4 6 奥林匹克公园 620 247 3 7 森林公园南门 620 223 3 6 林翠路 620 204 5 5 永泰庄 620 186 5 7 西小口 620 169 3 5 育新 620 152 3 7 霍营 620 136 5 5 回龙观东大街 620 85 3 7 平西府  577 85 6 7 育知路 538 85 3 6 朱辛庄 504 84 3 4 #
九号线 13 郭公庄 293 739 3 5 丰台科技园 293 720 5 6 科怡路 293 702 3 4 丰台南路 293 684 3 6 丰台东大街 293 666 3 4 七里庄 293 637 5 5 六里桥 324 616 5 6 六里桥东 401 616 3 6 北京西站 401 579 3 5 军事博物馆 401 544 3 6 白堆子站 401 494 3 5 白石桥南 401 456 5 7 国家图书馆 401 419 3 5 #
十号线 46 巴沟 324 296 3 5 火器营 324 331 3 6 长春桥 324 374 3 7 车道沟 324 411 5 5 慈寿寺 324 456 3 5 西钓鱼台 324 502 3 4 公主坟 324 544 3 7 莲花桥 324 579 3 6 六里桥 324 616 3 5 西局 324 636 3 5 泥洼 324 660 5 5 丰台站 324 687 3 4 首经贸 403 687 3 3 纪家庙 445 687 3 4 草桥 489 687 3 6 角门西 551 687 3 5 角门东 585 687 3 4 大红门 616 687 5 5 石榴庄 652 687 3 6 宋家庄 692 687 3 4 成寿寺 776 687 5 6 分钟寺 826 687 3 4 十里河 826 647 3 3 潘家园 826 625 5 6 劲松 826 605 3 3 双井 826 575 3 6 国贸 826 544 3 7 金台夕照 826 516 3 4 呼家楼 826 483 3 6 团结湖 826 456 5 5 农业展览馆 826 410 3 5 亮马桥 826 375 3 4 三元桥 826 336 3 6 太阳宫 826 296 5 6 芍药居 752 296 3 6 惠新西街南口 692 296 5 5 安贞门 656 296 3 4 北土城 620 296 3 7 健德门 585 296 3 5 牡丹园 550 296 3 4 西土城 522 296 3 6 知春路 492 296 3 6 知春里 434 296 3 5 海淀黄庄 401 296 3 6 苏州街 355 296 5 5 巴沟 324 296 3 7 #
十三号线 16 东直门 752 391 3 5 柳芳 752 360 3 4 光熙门 752 328 5 5 芍药居 752 296 3 6 望京西 752 221 5 7 北苑 752 136 3 5 立水桥 692 136 3 4 霍营 620 136 5 6 回龙观 534 136 3 7 龙泽 512 136 3 5 西二旗 492 136 3 4 上地 492 191 5 6 五道口 492 251 3 4 知春路 492 296 3 6 大钟寺 492 353 3 4 西直门 492 419 3 5 #
33
公主坟 0 7 5 20 军事博物馆 0 6 7 40 复兴门 0 1 4 20 西单 0 2 8 30 东单 0 3 6 20 建国门 0 1 5 15  国贸 0 7 10 30 西直门 1 2 10 25 车公庄 1 4 4 13 鼓楼大街 1 5 6 10 雍和宫 1 3 6 15 东直门 1 8 15 20 西直门 1 8 20 40 宣武门 1 2 8 15 崇文门 1 3 10 20 海淀黄庄 2 7 15 20 国家图书馆 2 6 10 15 西直门 2 8 20 40 平安里 2 4 8  15 角门西 2 7 6 13 立水桥 3 8 8 15 惠新西街南口 3 7 10 14 东四 3 4 10 20 宋家庄 3 7 10 20 白石桥南 4 6 7 20 慈寿寺 4 7 10 16 南锣鼓巷 4 5 6 45 团结湖 4 7 10 16 霍营 5 8 7 21 北土城 5 7 4 20 六里桥 6 7 7 20 知春路 7 8 10 15 芍药居 7 8 15 20